# gamma:17, k:50, p:0.010
0.01	0	0.00000000	0.00000000	0.00000000	0.00000000	0.00000000	0.00000000	0.00000000	0.00000000	0.00000000	0.00000000	0.00000000	0.00000000	0.00000000	0.00000000	0.00000000	0.00000000	0.00000000	0.00000000	0.00000000	0.00000000	0.00000000	0.00000000	0.00000000	0.00000000	0.00000000	0.00000000	0.00000000	0.00000000	0.00000000	0.00000000	0.00000000	0.00000000	0.00000000	0.00000000	0.00000000	0.00000000	0.00000000	0.00000000	0.00000000	0.00000000	0.00000000	0.00000000	0.00000000	0.00000000	0.00000000	0.00000000	0.00000000	0.00000000	0.00000000	0.00000000	0.00000000
0.02	0	0.00000000	0.00000000	0.00000000	0.00000000	0.00000000	0.00000000	0.00000000	0.00000000	0.00000000	0.00000000	0.00000000	0.00000000	0.00000000	0.00000000	0.00000000	0.00000000	0.00000000	0.00000000	0.00000000	0.00000000	0.00000000	0.00000000	0.00000000	0.00000000	0.00000000	0.00000000	0.00000000	0.00000000	0.00000000	0.00000000	0.00000000	0.00000000	0.00000000	0.00000000	0.00000000	0.00000000	0.00000000	0.00000000	0.00000000	0.00000000	0.00000000	0.00000000	0.00000000	0.00000000	0.00000000	0.00000000	0.00000000	0.00000000	0.00000000	0.00000000	0.00000000
0.03	0	0.00000000	0.00000000	0.00000000	0.00000000	0.00000000	0.00000000	0.00000000	0.00000000	0.00000000	0.00000000	0.00000000	0.00000000	0.00000000	0.00000000	0.00000000	0.00000000	0.00000000	0.00000000	0.00000000	0.00000000	0.00000000	0.00000000	0.00000000	0.00000000	0.00000000	0.00000000	0.00000000	0.00000000	0.00000000	0.00000000	0.00000000	0.00000000	0.00000000	0.00000000	0.00000000	0.00000000	0.00000000	0.00000000	0.00000000	0.00000000	0.00000000	0.00000000	0.00000000	0.00000000	0.00000000	0.00000000	0.00000000	0.00000000	0.00000000	0.00000000	0.00000000
0.04	0	0.00000000	0.00000000	0.00000000	0.00000000	0.00000000	0.00000000	0.00000000	0.00000000	0.00000000	0.00000000	0.00000000	0.00000000	0.00000000	0.00000000	0.00000000	0.00000000	0.00000000	0.00000000	0.00000000	0.00000000	0.00000000	0.00000000	0.00000000	0.00000000	0.00000000	0.00000000	0.00000000	0.00000000	0.00000000	0.00000000	0.00000000	0.00000000	0.00000000	0.00000000	0.00000000	0.00000000	0.00000000	0.00000000	0.00000000	0.00000000	0.00000000	0.00000000	0.00000000	0.00000000	0.00000000	0.00000000	0.00000000	0.00000000	0.00000000	0.00000000	0.00000000
0.05	0	0.00000000	0.00000000	0.00000000	0.00000000	0.00000000	0.00000000	0.00000000	0.00000000	0.00000000	0.00000000	0.00000000	0.00000000	0.00000000	0.00000000	0.00000000	0.00000000	0.00000000	0.00000000	0.00000000	0.00000000	0.00000000	0.00000000	0.00000000	0.00000000	0.00000000	0.00000000	0.00000000	0.00000000	0.00000000	0.00000000	0.00000000	0.00000000	0.00000000	0.00000000	0.00000000	0.00000000	0.00000000	0.00000000	0.00000000	0.00000000	0.00000000	0.00000000	0.00000000	0.00000000	0.00000000	0.00000000	0.00000000	0.00000000	0.00000000	0.00000000	0.00000000
0.10	0	0.00000000	0.00000000	0.00000000	0.00000000	0.00000000	0.00000000	0.00000000	0.00000000	0.00000000	0.00000000	0.00000000	0.00000000	0.00000000	0.00000000	0.00000000	0.00000000	0.00000000	0.00000000	0.00000000	0.00000000	0.00000000	0.00000000	0.00000000	0.00000000	0.00000000	0.00000000	0.00000000	0.00000000	0.00000000	0.00000000	0.00000000	0.00000000	0.00000000	0.00000000	0.00000000	0.00000000	0.00000000	0.00000000	0.00000000	0.00000000	0.00000000	0.00000000	0.00000000	0.00000000	0.00000000	0.00000000	0.00000000	0.00000000	0.00000000	0.00000000	0.00000000
0.20	0	0.00000000	0.00000000	0.00000000	0.00000000	0.00000000	0.00000000	0.00000000	0.00000000	0.00000000	0.00000000	0.00000000	0.00000000	0.00000000	0.00000000	0.00000000	0.00000000	0.00000000	0.00000000	0.00000000	0.00000000	0.00000000	0.00000000	0.00000000	0.00000000	0.00000000	0.00000000	0.00000000	0.00000000	0.00000000	0.00000000	0.00000000	0.00000000	0.00000000	0.00000000	0.00000000	0.00000000	0.00000000	0.00000000	0.00000000	0.00000000	0.00000000	0.00000000	0.00000000	0.00000000	0.00000000	0.00000000	0.00000000	0.00000000	0.00000000	0.00000000	0.00000000
0.01	1	0.00000000	0.00000000	0.00000000	0.00000000	0.00000000	0.00000000	0.00000000	0.00000000	0.00000000	0.00000000	0.00000000	0.00000000	0.00000000	0.00000000	0.00000000	0.00000000	0.00000000	0.00041093	0.00044230	0.00047273	0.00050223	0.00053081	0.00055849	0.00058528	0.00061120	0.00063625	0.00066046	0.00068382	0.00070637	0.00072809	0.00074902	0.00076916	0.00078852	0.00080712	0.00082496	0.00083584	0.00084593	0.00085524	0.00086380	0.00087162	0.00087874	0.00088517	0.00089093	0.00089604	0.00090053	0.00090441	0.00090770	0.00091043	0.00091261	0.00091425	0.00091425
0.02	1	0.00000000	0.00000000	0.00000000	0.00000000	0.00000000	0.00000000	0.00000000	0.00000000	0.00000000	0.00000000	0.00000000	0.00000000	0.00000000	0.00000000	0.00000000	0.00000000	0.00000000	0.00069884	0.00075785	0.00081367	0.00086636	0.00091599	0.00096261	0.00100628	0.00104705	0.00108499	0.00112015	0.00115259	0.00118234	0.00120947	0.00123402	0.00125604	0.00127558	0.00129269	0.00130740	0.00131132	0.00131369	0.00131459	0.00131410	0.00131230	0.00130925	0.00130503	0.00129972	0.00129337	0.00128605	0.00127783	0.00126877	0.00125893	0.00124838	0.00123716	0.00123716
0.03	1	0.00000000	0.00000000	0.00000000	0.00000000	0.00000000	0.00000000	0.00000000	0.00000000	0.00000000	0.00000000	0.00000000	0.00000000	0.00000000	0.00000000	0.00000000	0.00000000	0.00000000	0.00088986	0.00097222	0.00104851	0.00111889	0.00118349	0.00124247	0.00129594	0.00134405	0.00138692	0.00142467	0.00145741	0.00148527	0.00150835	0.00152676	0.00154061	0.00154998	0.00155498	0.00155571	0.00154515	0.00153273	0.00151859	0.00150287	0.00148571	0.00146722	0.00144754	0.00142679	0.00140508	0.00138252	0.00135922	0.00133529	0.00131083	0.00128594	0.00126071	0.00126071
0.04	1	0.00000000	0.00000000	0.00000000	0.00000000	0.00000000	0.00000000	0.00000000	0.00000000	0.00000000	0.00000000	0.00000000	0.00000000	0.00000000	0.00000000	0.00000000	0.00000000	0.00000000	0.00100549	0.00110670	0.00119882	0.00128212	0.00135686	0.00142327	0.00148160	0.00153206	0.00157487	0.00161024	0.00163837	0.00165944	0.00167364	0.00168114	0.00168210	0.00167669	0.00166507	0.00164737	0.00162079	0.00159252	0.00156275	0.00153166	0.00149942	0.00146621	0.00143217	0.00139747	0.00136225	0.00132665	0.00129080	0.00125484	0.00121889	0.00118307	0.00114751	0.00114751
0.05	1	0.00000000	0.00000000	0.00000000	0.00000000	0.00000000	0.00000000	0.00000000	0.00000000	0.00000000	0.00000000	0.00000000	0.00000000	0.00000000	0.00000000	0.00000000	0.00000000	0.00000000	0.00106330	0.00117894	0.00128264	0.00137480	0.00145580	0.00152602	0.00158579	0.00163544	0.00167530	0.00170564	0.00172677	0.00173894	0.00174240	0.00173741	0.00172419	0.00170296	0.00167393	0.00163730	0.00159632	0.00155420	0.00151116	0.00146740	0.00142308	0.00137839	0.00133350	0.00128856	0.00124372	0.00119914	0.00115495	0.00111129	0.00106829	0.00102606	0.00098474	0.00098474
0.10	1	0.00000000	0.00000000	0.00000000	0.00000000	0.00000000	0.00000000	0.00000000	0.00000000	0.00000000	0.00000000	0.00000000	0.00000000	0.00000000	0.00000000	0.00000000	0.00000000	0.00000000	0.00089675	0.00103064	0.00114493	0.00124072	0.00131902	0.00138073	0.00142665	0.00145754	0.00147404	0.00147676	0.00146624	0.00144298	0.00140743	0.00136000	0.00130106	0.00123095	0.00114999	0.00105846	0.00099250	0.00092954	0.00086941	0.00081194	0.00075703	0.00070457	0.00065449	0.00060673	0.00056126	0.00051806	0.00047713	0.00043846	0.00040209	0.00036803	0.00033634	0.00033634
0.20	1	0.00000000	0.00000000	0.00000000	0.00000000	0.00000000	0.00000000	0.00000000	0.00000000	0.00000000	0.00000000	0.00000000	0.00000000	0.00000000	0.00000000	0.00000000	0.00000000	0.00000000	0.00027346	0.00033648	0.00038821	0.00042976	0.00046201	0.00048566	0.00050130	0.00050938	0.00051029	0.00050435	0.00049180	0.00047287	0.00044773	0.00041654	0.00037943	0.00033652	0.00028791	0.00023368	0.00020993	0.00018919	0.00017082	0.00015433	0.00013934	0.00012558	0.00011286	0.00010103	0.00009000	0.00007972	0.00007018	0.00006136	0.00005329	0.00004600	0.00003953	0.00003953
0.01	2	0.00000000	0.00000000	0.00000000	0.00000000	0.00000000	0.00000000	0.00000000	0.00000000	0.00000000	0.00000000	0.00000000	0.00000000	0.00000000	0.00000000	0.00000000	0.00000000	0.00000000	0.00082079	0.00088343	0.00094418	0.00100307	0.00106014	0.00111540	0.00116890	0.00122064	0.00127066	0.00131899	0.00136564	0.00141065	0.00145403	0.00149582	0.00153602	0.00157467	0.00161179	0.00164737	0.00166913	0.00168930	0.00170792	0.00172504	0.00174071	0.00175496	0.00176783	0.00177938	0.00178964	0.00179865	0.00180645	0.00181308	0.00181857	0.00182298	0.00182632	0.00182632
0.02	2	0.00000000	0.00000000	0.00000000	0.00000000	0.00000000	0.00000000	0.00000000	0.00000000	0.00000000	0.00000000	0.00000000	0.00000000	0.00000000	0.00000000	0.00000000	0.00000000	0.00000000	0.00139457	0.00151223	0.00162353	0.00172860	0.00182755	0.00192051	0.00200760	0.00208892	0.00216459	0.00223471	0.00229940	0.00235876	0.00241288	0.00246186	0.00250580	0.00254479	0.00257890	0.00260820	0.00261614	0.00262100	0.00262294	0.00262212	0.00261868	0.00261277	0.00260453	0.00259409	0.00258161	0.00256720	0.00255099	0.00253310	0.00251367	0.00249281	0.00247062	0.00247062
0.03	2	0.00000000	0.00000000	0.00000000	0.00000000	0.00000000	0.00000000	0.00000000	0.00000000	0.00000000	0.00000000	0.00000000	0.00000000	0.00000000	0.00000000	0.00000000	0.00000000	0.00000000	0.00177468	0.00193872	0.00209069	0.00223088	0.00235958	0.00247706	0.00258361	0.00267947	0.00276489	0.00284013	0.00290541	0.00296097	0.00300701	0.00304376	0.00307142	0.00309018	0.00310022	0.00310167	0.00308089	0.00305640	0.00302851	0.00299747	0.00296355	0.00292701	0.00288809	0.00284704	0.00280408	0.00275943	0.00271330	0.00266592	0.00261747	0.00256816	0.00251816	0.00251816
0.04	2	0.00000000	0.00000000	0.00000000	0.00000000	0.00000000	0.00000000	0.00000000	0.00000000	0.00000000	0.00000000	0.00000000	0.00000000	0.00000000	0.00000000	0.00000000	0.00000000	0.00000000	0.00200454	0.00220600	0.00238936	0.00255518	0.00270394	0.00283615	0.00295227	0.00305274	0.00313800	0.00320846	0.00326452	0.00330654	0.00333490	0.00334994	0.00335199	0.00334138	0.00331838	0.00328324	0.00323066	0.00317472	0.00311580	0.00305426	0.00299044	0.00292466	0.00285725	0.00278851	0.00271872	0.00264817	0.00257713	0.00250585	0.00243458	0.00236355	0.00229301	0.00229301
0.05	2	0.00000000	0.00000000	0.00000000	0.00000000	0.00000000	0.00000000	0.00000000	0.00000000	0.00000000	0.00000000	0.00000000	0.00000000	0.00000000	0.00000000	0.00000000	0.00000000	0.00000000	0.00211939	0.00234949	0.00255580	0.00273915	0.00290031	0.00303999	0.00315890	0.00325770	0.00333701	0.00339742	0.00343950	0.00346379	0.00347079	0.00346099	0.00343485	0.00339280	0.00333525	0.00326254	0.00318136	0.00309793	0.00301266	0.00292592	0.00283809	0.00274950	0.00266050	0.00257140	0.00248249	0.00239408	0.00230643	0.00221981	0.00213449	0.00205070	0.00196868	0.00196868
0.10	2	0.00000000	0.00000000	0.00000000	0.00000000	0.00000000	0.00000000	0.00000000	0.00000000	0.00000000	0.00000000	0.00000000	0.00000000	0.00000000	0.00000000	0.00000000	0.00000000	0.00000000	0.00178838	0.00205486	0.00228224	0.00247276	0.00262840	0.00275099	0.00284215	0.00290336	0.00293595	0.00294114	0.00292002	0.00287360	0.00280279	0.00270841	0.00259122	0.00245192	0.00229114	0.00210946	0.00197830	0.00185307	0.00173343	0.00161909	0.00150982	0.00140543	0.00130578	0.00121076	0.00112029	0.00103434	0.00095289	0.00087596	0.00080359	0.00073583	0.00067276	0.00067276
0.20	2	0.00000000	0.00000000	0.00000000	0.00000000	0.00000000	0.00000000	0.00000000	0.00000000	0.00000000	0.00000000	0.00000000	0.00000000	0.00000000	0.00000000	0.00000000	0.00000000	0.00000000	0.00054644	0.00067227	0.00077553	0.00085842	0.00092271	0.00096983	0.00100093	0.00101695	0.00101866	0.00100669	0.00098155	0.00094368	0.00089345	0.00083118	0.00075712	0.00067152	0.00057459	0.00046650	0.00041905	0.00037762	0.00034091	0.00030795	0.00027801	0.00025054	0.00022513	0.00020151	0.00017951	0.00015901	0.00013997	0.00012238	0.00010629	0.00009176	0.00007888	0.00007888
0.01	3	0.00000000	0.00000000	0.00000000	0.00000000	0.00000000	0.00000000	0.00000000	0.00000000	0.00000000	0.00000000	0.00000000	0.00000000	0.00000000	0.00000000	0.00000000	0.00000000	0.00000000	0.00122958	0.00132337	0.00141434	0.00150253	0.00158798	0.00167074	0.00175084	0.00182833	0.00190323	0.00197560	0.00204546	0.00211286	0.00217782	0.00224039	0.00230059	0.00235846	0.00241401	0.00246724	0.00249987	0.00253012	0.00255806	0.00258375	0.00260726	0.00262866	0.00264800	0.00266536	0.00268080	0.00269436	0.00270612	0.00271612	0.00272444	0.00273112	0.00273621	0.00273621
0.02	3	0.00000000	0.00000000	0.00000000	0.00000000	0.00000000	0.00000000	0.00000000	0.00000000	0.00000000	0.00000000	0.00000000	0.00000000	0.00000000	0.00000000	0.00000000	0.00000000	0.00000000	0.00208720	0.00226316	0.00242960	0.00258673	0.00273471	0.00287374	0.00300399	0.00312562	0.00323880	0.00334370	0.00344048	0.00352928	0.00361025	0.00368355	0.00374931	0.00380765	0.00385868	0.00390243	0.00391449	0.00392197	0.00392509	0.00392409	0.00391918	0.00391058	0.00389850	0.00388316	0.00386475	0.00384346	0.00381949	0.00379302	0.00376423	0.00373330	0.00370040	0.00370040
0.03	3	0.00000000	0.00000000	0.00000000	0.00000000	0.00000000	0.00000000	0.00000000	0.00000000	0.00000000	0.00000000	0.00000000	0.00000000	0.00000000	0.00000000	0.00000000	0.00000000	0.00000000	0.00265448	0.00289955	0.00312658	0.00333602	0.00352831	0.00370385	0.00386305	0.00400630	0.00413398	0.00424645	0.00434406	0.00442715	0.00449605	0.00455107	0.00459252	0.00462067	0.00463577	0.00463795	0.00460728	0.00457109	0.00452981	0.00448385	0.00443359	0.00437942	0.00432170	0.00426079	0.00419703	0.00413075	0.00406227	0.00399189	0.00391992	0.00384665	0.00377235	0.00377235
0.04	3	0.00000000	0.00000000	0.00000000	0.00000000	0.00000000	0.00000000	0.00000000	0.00000000	0.00000000	0.00000000	0.00000000	0.00000000	0.00000000	0.00000000	0.00000000	0.00000000	0.00000000	0.00299720	0.00329794	0.00357169	0.00381923	0.00404133	0.00423872	0.00441210	0.00456214	0.00468948	0.00479475	0.00487853	0.00494140	0.00498388	0.00500651	0.00500978	0.00499415	0.00496003	0.00490770	0.00482971	0.00474671	0.00465926	0.00456790	0.00447313	0.00437544	0.00427530	0.00417317	0.00406947	0.00396461	0.00385901	0.00375304	0.00364706	0.00354144	0.00343651	0.00343651
0.05	3	0.00000000	0.00000000	0.00000000	0.00000000	0.00000000	0.00000000	0.00000000	0.00000000	0.00000000	0.00000000	0.00000000	0.00000000	0.00000000	0.00000000	0.00000000	0.00000000	0.00000000	0.00316834	0.00351169	0.00381955	0.00409313	0.00433359	0.00454202	0.00471946	0.00486689	0.00498526	0.00507546	0.00513833	0.00517469	0.00518529	0.00517086	0.00513210	0.00506964	0.00498408	0.00487584	0.00475525	0.00463130	0.00450458	0.00437566	0.00424510	0.00411341	0.00398107	0.00384857	0.00371635	0.00358483	0.00345445	0.00332558	0.00319860	0.00307389	0.00295180	0.00295180
0.10	3	0.00000000	0.00000000	0.00000000	0.00000000	0.00000000	0.00000000	0.00000000	0.00000000	0.00000000	0.00000000	0.00000000	0.00000000	0.00000000	0.00000000	0.00000000	0.00000000	0.00000000	0.00267492	0.00307269	0.00341199	0.00369617	0.00392822	0.00411087	0.00424657	0.00433756	0.00438585	0.00439326	0.00436147	0.00429199	0.00418620	0.00404536	0.00387062	0.00366304	0.00342358	0.00315310	0.00295748	0.00277065	0.00259214	0.00242152	0.00225845	0.00210266	0.00195394	0.00181213	0.00167713	0.00154887	0.00142734	0.00131254	0.00120454	0.00110341	0.00100926	0.00100926
0.20	3	0.00000000	0.00000000	0.00000000	0.00000000	0.00000000	0.00000000	0.00000000	0.00000000	0.00000000	0.00000000	0.00000000	0.00000000	0.00000000	0.00000000	0.00000000	0.00000000	0.00000000	0.00081894	0.00100737	0.00116195	0.00128597	0.00138211	0.00145252	0.00149892	0.00152273	0.00152512	0.00150703	0.00146925	0.00141245	0.00133718	0.00124392	0.00113308	0.00100502	0.00086005	0.00069847	0.00062738	0.00056528	0.00051027	0.00046089	0.00041603	0.00037487	0.00033682	0.00030146	0.00026853	0.00023786	0.00020938	0.00018308	0.00015902	0.00013729	0.00011803	0.00011803
0.01	4	0.00000000	0.00000000	0.00000000	0.00000000	0.00000000	0.00000000	0.00000000	0.00000000	0.00000000	0.00000000	0.00000000	0.00000000	0.00000000	0.00000000	0.00000000	0.00000000	0.00000000	0.00163730	0.00176214	0.00188322	0.00200061	0.00211435	0.00222451	0.00233113	0.00243427	0.00253397	0.00263030	0.00272329	0.00281299	0.00289947	0.00298274	0.00306287	0.00313989	0.00321381	0.00328458	0.00332807	0.00336840	0.00340565	0.00343992	0.00347129	0.00349985	0.00352569	0.00354889	0.00356952	0.00358768	0.00360343	0.00361685	0.00362803	0.00363703	0.00364393	0.00364393
0.02	4	0.00000000	0.00000000	0.00000000	0.00000000	0.00000000	0.00000000	0.00000000	0.00000000	0.00000000	0.00000000	0.00000000	0.00000000	0.00000000	0.00000000	0.00000000	0.00000000	0.00000000	0.00277675	0.00301064	0.00323190	0.00344077	0.00363749	0.00382232	0.00399547	0.00415718	0.00430767	0.00444716	0.00457584	0.00469394	0.00480164	0.00489913	0.00498660	0.00506420	0.00513206	0.00519012	0.00520643	0.00521664	0.00522108	0.00522004	0.00521382	0.00520271	0.00518699	0.00516694	0.00514280	0.00511486	0.00508335	0.00504852	0.00501062	0.00496987	0.00492650	0.00492650
0.03	4	0.00000000	0.00000000	0.00000000	0.00000000	0.00000000	0.00000000	0.00000000	0.00000000	0.00000000	0.00000000	0.00000000	0.00000000	0.00000000	0.00000000	0.00000000	0.00000000	0.00000000	0.00352930	0.00385473	0.00415622	0.00443436	0.00468972	0.00492287	0.00513433	0.00532462	0.00549425	0.00564369	0.00577342	0.00588388	0.00597552	0.00604875	0.00610396	0.00614152	0.00616172	0.00616463	0.00612439	0.00607685	0.00602256	0.00596207	0.00589588	0.00582450	0.00574841	0.00566809	0.00558398	0.00549653	0.00540614	0.00531323	0.00521820	0.00512142	0.00502328	0.00502328
0.04	4	0.00000000	0.00000000	0.00000000	0.00000000	0.00000000	0.00000000	0.00000000	0.00000000	0.00000000	0.00000000	0.00000000	0.00000000	0.00000000	0.00000000	0.00000000	0.00000000	0.00000000	0.00398350	0.00438259	0.00474585	0.00507434	0.00536909	0.00563105	0.00586117	0.00606033	0.00622940	0.00636920	0.00648052	0.00656411	0.00662069	0.00665096	0.00665556	0.00663512	0.00659013	0.00652086	0.00641804	0.00630857	0.00619320	0.00607264	0.00594755	0.00581858	0.00568636	0.00555148	0.00541451	0.00527599	0.00513646	0.00499641	0.00485635	0.00471672	0.00457799	0.00457799
0.05	4	0.00000000	0.00000000	0.00000000	0.00000000	0.00000000	0.00000000	0.00000000	0.00000000	0.00000000	0.00000000	0.00000000	0.00000000	0.00000000	0.00000000	0.00000000	0.00000000	0.00000000	0.00421019	0.00466562	0.00507396	0.00543682	0.00575575	0.00603220	0.00626755	0.00646312	0.00662016	0.00673987	0.00682338	0.00687175	0.00688602	0.00686716	0.00681607	0.00673361	0.00662054	0.00647732	0.00631810	0.00615440	0.00598701	0.00581671	0.00564419	0.00547016	0.00529526	0.00512012	0.00494532	0.00477144	0.00459902	0.00442858	0.00426063	0.00409564	0.00393408	0.00393408
0.10	4	0.00000000	0.00000000	0.00000000	0.00000000	0.00000000	0.00000000	0.00000000	0.00000000	0.00000000	0.00000000	0.00000000	0.00000000	0.00000000	0.00000000	0.00000000	0.00000000	0.00000000	0.00355639	0.00408417	0.00453423	0.00491101	0.00521854	0.00546045	0.00564003	0.00576026	0.00582384	0.00583325	0.00579072	0.00569828	0.00555780	0.00537098	0.00513938	0.00486443	0.00454741	0.00418946	0.00393012	0.00368238	0.00344562	0.00321930	0.00300298	0.00279632	0.00259903	0.00241091	0.00223183	0.00206170	0.00190049	0.00174822	0.00160495	0.00147079	0.00134586	0.00134586
0.20	4	0.00000000	0.00000000	0.00000000	0.00000000	0.00000000	0.00000000	0.00000000	0.00000000	0.00000000	0.00000000	0.00000000	0.00000000	0.00000000	0.00000000	0.00000000	0.00000000	0.00000000	0.00109097	0.00134179	0.00154747	0.00171243	0.00184022	0.00193372	0.00199526	0.00202672	0.00202967	0.00200538	0.00195493	0.00187919	0.00177892	0.00165478	0.00150731	0.00133701	0.00114431	0.00092960	0.00083491	0.00075219	0.00067891	0.00061313	0.00055339	0.00049858	0.00044793	0.00040088	0.00035707	0.00031628	0.00027841	0.00024345	0.00021147	0.00018260	0.00015700	0.00015700
0.01	5	0.00000000	0.00000000	0.00000000	0.00000000	0.00000000	0.00000000	0.00000000	0.00000000	0.00000000	0.00000000	0.00000000	0.00000000	0.00000000	0.00000000	0.00000000	0.00000000	0.00000000	0.00204395	0.00219973	0.00235083	0.00249731	0.00263925	0.00277671	0.00290976	0.00303846	0.00316288	0.00328308	0.00339913	0.00351107	0.00361897	0.00372289	0.00382288	0.00391896	0.00401117	0.00409940	0.00415374	0.00420414	0.00425071	0.00429356	0.00433281	0.00436855	0.00440090	0.00442996	0.00445583	0.00447860	0.00449838	0.00451527	0.00452935	0.00454072	0.00454947	0.00454947
0.02	5	0.00000000	0.00000000	0.00000000	0.00000000	0.00000000	0.00000000	0.00000000	0.00000000	0.00000000	0.00000000	0.00000000	0.00000000	0.00000000	0.00000000	0.00000000	0.00000000	0.00000000	0.00346323	0.00375471	0.00403043	0.00429073	0.00453591	0.00476626	0.00498207	0.00518364	0.00537122	0.00554510	0.00570553	0.00585277	0.00598705	0.00610863	0.00621771	0.00631448	0.00639907	0.00647133	0.00649197	0.00650504	0.00651092	0.00651000	0.00650265	0.00648920	0.00647003	0.00644545	0.00641581	0.00638142	0.00634259	0.00629964	0.00625285	0.00620252	0.00614893	0.00614893
0.03	5	0.00000000	0.00000000	0.00000000	0.00000000	0.00000000	0.00000000	0.00000000	0.00000000	0.00000000	0.00000000	0.00000000	0.00000000	0.00000000	0.00000000	0.00000000	0.00000000	0.00000000	0.00439917	0.00480430	0.00517964	0.00552593	0.00584387	0.00613417	0.00639749	0.00663447	0.00684574	0.00703191	0.00719355	0.00733124	0.00744550	0.00753687	0.00760582	0.00765279	0.00767813	0.00768178	0.00763231	0.00757376	0.00750683	0.00743219	0.00735047	0.00726229	0.00716827	0.00706897	0.00696496	0.00685677	0.00674493	0.00662995	0.00651231	0.00639249	0.00627094	0.00627094
0.04	5	0.00000000	0.00000000	0.00000000	0.00000000	0.00000000	0.00000000	0.00000000	0.00000000	0.00000000	0.00000000	0.00000000	0.00000000	0.00000000	0.00000000	0.00000000	0.00000000	0.00000000	0.00496349	0.00545998	0.00591190	0.00632058	0.00668728	0.00701322	0.00729956	0.00754741	0.00775785	0.00793191	0.00807057	0.00817477	0.00824542	0.00828337	0.00828945	0.00826438	0.00820878	0.00812283	0.00799574	0.00786040	0.00771771	0.00756855	0.00741377	0.00725416	0.00709049	0.00692349	0.00675388	0.00658233	0.00640949	0.00623599	0.00606243	0.00588939	0.00571742	0.00571742
0.05	5	0.00000000	0.00000000	0.00000000	0.00000000	0.00000000	0.00000000	0.00000000	0.00000000	0.00000000	0.00000000	0.00000000	0.00000000	0.00000000	0.00000000	0.00000000	0.00000000	0.00000000	0.00524498	0.00581132	0.00631909	0.00677030	0.00716687	0.00751062	0.00780328	0.00804650	0.00824183	0.00839078	0.00849476	0.00855512	0.00857313	0.00855000	0.00848688	0.00838483	0.00824475	0.00806711	0.00787002	0.00766734	0.00746006	0.00724914	0.00703544	0.00681984	0.00660313	0.00638608	0.00616944	0.00595391	0.00574016	0.00552884	0.00532056	0.00511592	0.00491549	0.00491549
0.10	5	0.00000000	0.00000000	0.00000000	0.00000000	0.00000000	0.00000000	0.00000000	0.00000000	0.00000000	0.00000000	0.00000000	0.00000000	0.00000000	0.00000000	0.00000000	0.00000000	0.00000000	0.00443284	0.00508934	0.00564900	0.00611736	0.00649945	0.00679982	0.00702260	0.00717155	0.00725005	0.00726122	0.00720787	0.00709259	0.00691771	0.00668540	0.00639763	0.00605619	0.00566272	0.00521863	0.00489631	0.00458833	0.00429394	0.00401250	0.00374348	0.00348646	0.00324110	0.00300715	0.00278444	0.00257287	0.00237239	0.00218303	0.00200486	0.00183798	0.00168257	0.00168257
0.20	5	0.00000000	0.00000000	0.00000000	0.00000000	0.00000000	0.00000000	0.00000000	0.00000000	0.00000000	0.00000000	0.00000000	0.00000000	0.00000000	0.00000000	0.00000000	0.00000000	0.00000000	0.00136253	0.00167552	0.00193209	0.00213778	0.00229703	0.00241345	0.00248995	0.00252893	0.00253232	0.00250176	0.00243858	0.00234390	0.00221869	0.00206376	0.00187983	0.00166751	0.00142737	0.00115989	0.00104165	0.00093835	0.00084683	0.00076469	0.00069010	0.00062169	0.00055848	0.00049978	0.00044514	0.00039427	0.00034706	0.00030350	0.00026365	0.00022768	0.00019579	0.00019579
0.01	10	0.00000000	0.00000000	0.00000000	0.00000000	0.00000000	0.00000000	0.00000000	0.00000000	0.00000000	0.00000000	0.00000000	0.00000000	0.00000000	0.00000000	0.00000000	0.00000000	0.00000000	0.00406129	0.00437021	0.00466984	0.00496032	0.00524179	0.00551439	0.00577824	0.00603347	0.00628022	0.00651860	0.00674873	0.00697073	0.00718470	0.00739076	0.00758897	0.00777937	0.00796190	0.00813600	0.00824445	0.00834516	0.00843834	0.00852421	0.00860298	0.00867487	0.00874008	0.00879882	0.00885127	0.00889764	0.00893812	0.00897290	0.00900216	0.00902609	0.00904486	0.00904486
0.02	10	0.00000000	0.00000000	0.00000000	0.00000000	0.00000000	0.00000000	0.00000000	0.00000000	0.00000000	0.00000000	0.00000000	0.00000000	0.00000000	0.00000000	0.00000000	0.00000000	0.00000000	0.00685010	0.00742421	0.00796737	0.00848021	0.00896332	0.00941730	0.00984272	0.01024014	0.01061011	0.01095315	0.01126978	0.01156049	0.01182576	0.01206602	0.01228166	0.01247296	0.01263991	0.01278135	0.01282518	0.01285428	0.01286940	0.01287126	0.01286057	0.01283802	0.01280428	0.01276000	0.01270582	0.01264235	0.01257021	0.01248997	0.01240222	0.01230750	0.01220637	0.01220637
0.03	10	0.00000000	0.00000000	0.00000000	0.00000000	0.00000000	0.00000000	0.00000000	0.00000000	0.00000000	0.00000000	0.00000000	0.00000000	0.00000000	0.00000000	0.00000000	0.00000000	0.00000000	0.00867511	0.00946912	0.01020484	0.01088374	0.01150723	0.01207667	0.01259340	0.01305868	0.01347375	0.01383982	0.01415804	0.01442951	0.01465529	0.01483639	0.01497370	0.01506798	0.01511956	0.01512715	0.01503627	0.01492779	0.01480303	0.01466329	0.01450977	0.01434369	0.01416619	0.01397836	0.01378130	0.01357602	0.01336352	0.01314478	0.01292073	0.01269226	0.01246027	0.01246027
0.04	10	0.00000000	0.00000000	0.00000000	0.00000000	0.00000000	0.00000000	0.00000000	0.00000000	0.00000000	0.00000000	0.00000000	0.00000000	0.00000000	0.00000000	0.00000000	0.00000000	0.00000000	0.00977012	0.01073981	0.01162252	0.01242085	0.01313731	0.01377431	0.01433415	0.01481907	0.01523118	0.01557255	0.01584514	0.01605081	0.01619137	0.01626851	0.01628378	0.01623854	0.01613366	0.01596829	0.01572819	0.01547201	0.01520152	0.01491839	0.01462422	0.01432055	0.01400886	0.01369054	0.01336694	0.01303937	0.01270906	0.01237720	0.01204493	0.01171335	0.01138353	0.01138353
0.05	10	0.00000000	0.00000000	0.00000000	0.00000000	0.00000000	0.00000000	0.00000000	0.00000000	0.00000000	0.00000000	0.00000000	0.00000000	0.00000000	0.00000000	0.00000000	0.00000000	0.00000000	0.01031480	0.01141856	0.01240803	0.01328722	0.01405990	0.01472972	0.01530011	0.01577437	0.01615564	0.01644691	0.01665103	0.01677069	0.01680848	0.01676682	0.01664796	0.01645392	0.01618621	0.01584466	0.01546943	0.01508313	0.01468768	0.01428490	0.01387651	0.01346416	0.01304941	0.01263373	0.01221854	0.01180519	0.01139495	0.01098906	0.01058869	0.01019495	0.00980892	0.00980892
0.10	10	0.00000000	0.00000000	0.00000000	0.00000000	0.00000000	0.00000000	0.00000000	0.00000000	0.00000000	0.00000000	0.00000000	0.00000000	0.00000000	0.00000000	0.00000000	0.00000000	0.00000000	0.00874056	0.01002197	0.01111265	0.01202367	0.01276515	0.01334628	0.01377547	0.01406039	0.01420805	0.01422485	0.01411667	0.01388889	0.01354645	0.01309387	0.01253533	0.01187462	0.01111517	0.01025971	0.00963330	0.00903402	0.00846066	0.00791218	0.00738770	0.00688651	0.00640803	0.00595183	0.00551758	0.00510507	0.00471421	0.00434497	0.00399743	0.00367173	0.00336809	0.00336809
0.20	10	0.00000000	0.00000000	0.00000000	0.00000000	0.00000000	0.00000000	0.00000000	0.00000000	0.00000000	0.00000000	0.00000000	0.00000000	0.00000000	0.00000000	0.00000000	0.00000000	0.00000000	0.00271323	0.00333394	0.00384190	0.00424821	0.00456185	0.00479015	0.00493906	0.00501347	0.00501742	0.00495428	0.00482685	0.00463751	0.00438831	0.00408100	0.00371711	0.00329801	0.00282491	0.00229890	0.00206372	0.00185811	0.00167594	0.00151248	0.00136415	0.00122827	0.00110288	0.00098660	0.00087851	0.00077805	0.00068492	0.00059908	0.00052063	0.00044985	0.00038709	0.00038709
0.01	20	0.00000000	0.00000000	0.00000000	0.00000000	0.00000000	0.00000000	0.00000000	0.00000000	0.00000000	0.00000000	0.00000000	0.00000000	0.00000000	0.00000000	0.00000000	0.00000000	0.00000000	0.00801756	0.00862497	0.00921414	0.00978533	0.01033881	0.01087486	0.01139372	0.01189566	0.01238091	0.01284972	0.01330231	0.01373890	0.01415967	0.01456479	0.01495434	0.01532823	0.01568593	0.01602505	0.01624107	0.01644211	0.01662858	0.01680092	0.01695953	0.01710482	0.01723717	0.01735700	0.01746466	0.01756055	0.01764503	0.01771846	0.01778120	0.01783360	0.01787602	0.01787602
0.02	20	0.00000000	0.00000000	0.00000000	0.00000000	0.00000000	0.00000000	0.00000000	0.00000000	0.00000000	0.00000000	0.00000000	0.00000000	0.00000000	0.00000000	0.00000000	0.00000000	0.00000000	0.01340143	0.01451531	0.01556939	0.01656490	0.01750301	0.01838489	0.01921164	0.01998438	0.02070415	0.02137199	0.02198889	0.02255578	0.02307354	0.02354295	0.02396460	0.02433868	0.02466426	0.02493608	0.02503347	0.02510294	0.02514589	0.02516366	0.02515758	0.02512893	0.02507896	0.02500889	0.02491990	0.02481314	0.02468973	0.02455077	0.02439731	0.02423041	0.02405110	0.02405110
0.03	20	0.00000000	0.00000000	0.00000000	0.00000000	0.00000000	0.00000000	0.00000000	0.00000000	0.00000000	0.00000000	0.00000000	0.00000000	0.00000000	0.00000000	0.00000000	0.00000000	0.00000000	0.01687105	0.01839640	0.01981024	0.02111542	0.02231468	0.02341072	0.02440612	0.02530340	0.02610497	0.02681318	0.02743029	0.02795844	0.02839967	0.02875583	0.02902852	0.02921874	0.02932600	0.02934398	0.02919278	0.02900844	0.02879338	0.02854994	0.02828041	0.02798695	0.02767168	0.02733662	0.02698374	0.02661494	0.02623203	0.02583677	0.02543088	0.02501601	0.02459378	0.02459378
0.04	20	0.00000000	0.00000000	0.00000000	0.00000000	0.00000000	0.00000000	0.00000000	0.00000000	0.00000000	0.00000000	0.00000000	0.00000000	0.00000000	0.00000000	0.00000000	0.00000000	0.00000000	0.01893247	0.02078263	0.02246713	0.02399105	0.02535930	0.02657660	0.02764752	0.02857643	0.02936755	0.03002494	0.03055248	0.03095389	0.03123268	0.03139212	0.03143514	0.03136399	0.03117928	0.03087543	0.03044849	0.02999097	0.02950613	0.02899704	0.02846665	0.02791779	0.02735316	0.02677532	0.02618675	0.02558981	0.02498675	0.02437972	0.02377081	0.02316201	0.02255522	0.02255522
0.05	20	0.00000000	0.00000000	0.00000000	0.00000000	0.00000000	0.00000000	0.00000000	0.00000000	0.00000000	0.00000000	0.00000000	0.00000000	0.00000000	0.00000000	0.00000000	0.00000000	0.00000000	0.01995217	0.02204919	0.02392878	0.02559871	0.02706646	0.02833917	0.02942369	0.03032657	0.03105408	0.03161222	0.03200669	0.03224294	0.03232612	0.03226106	0.03205216	0.03170312	0.03121603	0.03058718	0.02990832	0.02920765	0.02848874	0.02775503	0.02700973	0.02625591	0.02549645	0.02473412	0.02397150	0.02321107	0.02245517	0.02170601	0.02096573	0.02023631	0.01951970	0.01951970
0.10	20	0.00000000	0.00000000	0.00000000	0.00000000	0.00000000	0.00000000	0.00000000	0.00000000	0.00000000	0.00000000	0.00000000	0.00000000	0.00000000	0.00000000	0.00000000	0.00000000	0.00000000	0.01699469	0.01943624	0.02150820	0.02323262	0.02462985	0.02571864	0.02651628	0.02703870	0.02730056	0.02731540	0.02709569	0.02665295	0.02599780	0.02514005	0.02408871	0.02285204	0.02143731	0.01984985	0.01866731	0.01753312	0.01644590	0.01540440	0.01440754	0.01345437	0.01254408	0.01167601	0.01084963	0.01006454	0.00932046	0.00861721	0.00795472	0.00733303	0.00675223	0.00675223
0.20	20	0.00000000	0.00000000	0.00000000	0.00000000	0.00000000	0.00000000	0.00000000	0.00000000	0.00000000	0.00000000	0.00000000	0.00000000	0.00000000	0.00000000	0.00000000	0.00000000	0.00000000	0.00537960	0.00660020	0.00759569	0.00838844	0.00899677	0.00943571	0.00971765	0.00985287	0.00984994	0.00971606	0.00945735	0.00907905	0.00858567	0.00798118	0.00726907	0.00645249	0.00553424	0.00451691	0.00405179	0.00364463	0.00328379	0.00296022	0.00266703	0.00239899	0.00215226	0.00192408	0.00171255	0.00151647	0.00133516	0.00116839	0.00101625	0.00087909	0.00075747	0.00075747
0.01	10000	0.00000000	0.00000000	0.00000000	0.00000000	0.00000000	0.00000000	0.00000000	0.00000000	0.00000000	0.00000000	0.00000000	0.00000000	0.00000000	0.00000000	0.00000000	0.00000000	0.00000000	0.15692840	0.16538250	0.17377290	0.18199410	0.19012040	0.19820530	0.20621010	0.21415910	0.22203190	0.22980360	0.23752470	0.24512390	0.25271420	0.26017600	0.26759580	0.27487360	0.28211700	0.28929570	0.29636650	0.30340240	0.31035900	0.31724780	0.32408890	0.33084480	0.33749890	0.34409420	0.35065880	0.35713210	0.36358450	0.36994560	0.37622540	0.38245260	0.38863780	0.38863780
0.02	10000	0.00000000	0.00000000	0.00000000	0.00000000	0.00000000	0.00000000	0.00000000	0.00000000	0.00000000	0.00000000	0.00000000	0.00000000	0.00000000	0.00000000	0.00000000	0.00000000	0.00000000	0.15684580	0.16529720	0.17360290	0.18190570	0.19009260	0.19822020	0.20623650	0.21418660	0.22204660	0.22980030	0.23747640	0.24512490	0.25265270	0.26012080	0.26751970	0.27484160	0.28213750	0.28931140	0.29641180	0.30343610	0.31043110	0.31730710	0.32414830	0.33091030	0.33764790	0.34424620	0.35084870	0.35740520	0.36381540	0.37017830	0.37651140	0.38275630	0.38890400	0.38890400
0.03	10000	0.00000000	0.00000000	0.00000000	0.00000000	0.00000000	0.00000000	0.00000000	0.00000000	0.00000000	0.00000000	0.00000000	0.00000000	0.00000000	0.00000000	0.00000000	0.00000000	0.00000000	0.15708290	0.16553840	0.17384840	0.18213700	0.19031320	0.19838440	0.20641560	0.21436860	0.22228830	0.23008260	0.23773240	0.24533960	0.25289760	0.26036960	0.26777530	0.27511820	0.28239070	0.28952100	0.29662080	0.30363600	0.31059400	0.31750990	0.32434520	0.33110700	0.33778900	0.34445540	0.35101520	0.35749640	0.36389570	0.37022680	0.37652360	0.38276120	0.38897340	0.38897340
0.04	10000	0.00000000	0.00000000	0.00000000	0.00000000	0.00000000	0.00000000	0.00000000	0.00000000	0.00000000	0.00000000	0.00000000	0.00000000	0.00000000	0.00000000	0.00000000	0.00000000	0.00000000	0.15709690	0.16553420	0.17387530	0.18220860	0.19033960	0.19847710	0.20646700	0.21439160	0.22221600	0.22995140	0.23764560	0.24527190	0.25277990	0.26025970	0.26766390	0.27499410	0.28225540	0.28943680	0.29653820	0.30356760	0.31053750	0.31745130	0.32430200	0.33106420	0.33780160	0.34446090	0.35103080	0.35757250	0.36398070	0.37035840	0.37662140	0.38289700	0.38903940	0.38903940
0.05	10000	0.00000000	0.00000000	0.00000000	0.00000000	0.00000000	0.00000000	0.00000000	0.00000000	0.00000000	0.00000000	0.00000000	0.00000000	0.00000000	0.00000000	0.00000000	0.00000000	0.00000000	0.15707700	0.16552030	0.17387180	0.18208040	0.19027660	0.19838260	0.20640810	0.21435540	0.22217670	0.22995780	0.23764410	0.24529670	0.25285070	0.26036360	0.26772930	0.27504600	0.28234710	0.28954810	0.29665930	0.30369820	0.31063370	0.31748460	0.32432460	0.33106880	0.33770790	0.34430690	0.35085510	0.35732390	0.36378640	0.37016680	0.37649190	0.38275620	0.38891820	0.38891820
0.10	10000	0.00000000	0.00000000	0.00000000	0.00000000	0.00000000	0.00000000	0.00000000	0.00000000	0.00000000	0.00000000	0.00000000	0.00000000	0.00000000	0.00000000	0.00000000	0.00000000	0.00000000	0.15707800	0.16551190	0.17387720	0.18214370	0.19030500	0.19840490	0.20640030	0.21431840	0.22220610	0.22997370	0.23770670	0.24535550	0.25294230	0.26041400	0.26782040	0.27513410	0.28235800	0.28951750	0.29662710	0.30365830	0.31061250	0.31750490	0.32428220	0.33098010	0.33755870	0.34402990	0.35038860	0.35654920	0.36248180	0.36818730	0.37356360	0.37864590	0.38327770	0.38327770
0.20	10000	0.00000000	0.00000000	0.00000000	0.00000000	0.00000000	0.00000000	0.00000000	0.00000000	0.00000000	0.00000000	0.00000000	0.00000000	0.00000000	0.00000000	0.00000000	0.00000000	0.00000000	0.15713040	0.16557240	0.17392530	0.18215920	0.19031690	0.19837120	0.20629830	0.21393550	0.22112530	0.22762380	0.23328090	0.23787950	0.24120340	0.24334240	0.24426090	0.24396420	0.24254960	0.24024310	0.23706810	0.23317080	0.22871360	0.22377210	0.21840230	0.21275330	0.20683460	0.20065380	0.19434140	0.18786470	0.18128620	0.17457610	0.16781590	0.16101350	0.15417400	0.15417400
0.01	500	0.00000000	0.00000000	0.00000000	0.00000000	0.00000000	0.00000000	0.00000000	0.00000000	0.00000000	0.00000000	0.00000000	0.00000000	0.00000000	0.00000000	0.00000000	0.00000000	0.00000000	0.11450322	0.12185033	0.12901570	0.13600786	0.14283800	0.14950481	0.15600957	0.16233867	0.16847964	0.17449300	0.18029522	0.18597340	0.19144087	0.19671708	0.20181133	0.20667932	0.21134349	0.21554521	0.21969268	0.22380916	0.22774823	0.23153538	0.23531275	0.23899318	0.24253801	0.24600046	0.24936832	0.25264902	0.25587597	0.25903300	0.26209819	0.26505468	0.26794658	0.26794658
0.02	500	0.00000000	0.00000000	0.00000000	0.00000000	0.00000000	0.00000000	0.00000000	0.00000000	0.00000000	0.00000000	0.00000000	0.00000000	0.00000000	0.00000000	0.00000000	0.00000000	0.00000000	0.14005626	0.14867275	0.15703385	0.16514941	0.17298271	0.18057288	0.18792948	0.19503738	0.20188949	0.20851347	0.21495906	0.22119007	0.22718740	0.23300062	0.23855120	0.24386868	0.24897493	0.25381375	0.25857406	0.26322903	0.26777299	0.27214737	0.27638826	0.28045793	0.28442965	0.28827044	0.29206224	0.29564906	0.29915931	0.30255660	0.30581431	0.30897233	0.31195256	0.31195256
0.03	500	0.00000000	0.00000000	0.00000000	0.00000000	0.00000000	0.00000000	0.00000000	0.00000000	0.00000000	0.00000000	0.00000000	0.00000000	0.00000000	0.00000000	0.00000000	0.00000000	0.00000000	0.14767374	0.15656969	0.16514870	0.17346922	0.18145199	0.18915183	0.19661600	0.20382803	0.21075279	0.21746898	0.22394539	0.23022210	0.23623368	0.24205885	0.24763993	0.25299688	0.25816261	0.26308839	0.26790660	0.27257920	0.27707742	0.28137287	0.28551852	0.28950126	0.29328793	0.29685120	0.30028440	0.30352047	0.30657803	0.30945951	0.31220503	0.31484501	0.31726625	0.31726625
0.04	500	0.00000000	0.00000000	0.00000000	0.00000000	0.00000000	0.00000000	0.00000000	0.00000000	0.00000000	0.00000000	0.00000000	0.00000000	0.00000000	0.00000000	0.00000000	0.00000000	0.00000000	0.15069415	0.15965439	0.16834598	0.17663963	0.18463069	0.19230258	0.19970053	0.20684375	0.21374646	0.22037564	0.22672575	0.23286941	0.23874908	0.24442001	0.24980437	0.25498954	0.25989104	0.26450103	0.26896731	0.27318168	0.27719380	0.28100084	0.28450884	0.28783843	0.29095005	0.29380240	0.29648270	0.29891878	0.30112452	0.30318566	0.30499858	0.30663399	0.30803859	0.30803859
0.05	500	0.00000000	0.00000000	0.00000000	0.00000000	0.00000000	0.00000000	0.00000000	0.00000000	0.00000000	0.00000000	0.00000000	0.00000000	0.00000000	0.00000000	0.00000000	0.00000000	0.00000000	0.15192104	0.16095176	0.16959880	0.17787623	0.18585255	0.19347632	0.20077361	0.20774486	0.21448032	0.22087512	0.22700042	0.23277941	0.23836919	0.24363695	0.24856102	0.25323098	0.25759895	0.26165194	0.26547479	0.26899365	0.27223928	0.27516501	0.27789217	0.28029708	0.28241946	0.28425261	0.28584504	0.28715517	0.28822998	0.28904059	0.28966079	0.29004620	0.29016580	0.29016580
0.10	500	0.00000000	0.00000000	0.00000000	0.00000000	0.00000000	0.00000000	0.00000000	0.00000000	0.00000000	0.00000000	0.00000000	0.00000000	0.00000000	0.00000000	0.00000000	0.00000000	0.00000000	0.14807264	0.15810973	0.16697534	0.17480581	0.18176448	0.18791563	0.19327515	0.19791240	0.20182104	0.20507234	0.20755930	0.20948060	0.21073884	0.21138161	0.21142456	0.21088861	0.20982707	0.20833671	0.20639843	0.20406528	0.20129936	0.19827973	0.19487164	0.19124520	0.18731054	0.18321137	0.17895098	0.17455779	0.17004559	0.16546310	0.16076190	0.15604140	0.15132900	0.15132900
0.20	500	0.00000000	0.00000000	0.00000000	0.00000000	0.00000000	0.00000000	0.00000000	0.00000000	0.00000000	0.00000000	0.00000000	0.00000000	0.00000000	0.00000000	0.00000000	0.00000000	0.00000000	0.09145000	0.10554047	0.11557727	0.12229968	0.12624079	0.12782040	0.12757222	0.12573124	0.12266818	0.11858736	0.11373222	0.10819528	0.10218057	0.09574260	0.08896772	0.08189924	0.07456668	0.06714674	0.06106289	0.05542583	0.05021286	0.04543854	0.04106020	0.03710121	0.03348362	0.03025173	0.02730774	0.02463759	0.02223376	0.02002170	0.01803623	0.01628157	0.01465971	0.01465971
0.01	100	0.00000000	0.00000000	0.00000000	0.00000000	0.00000000	0.00000000	0.00000000	0.00000000	0.00000000	0.00000000	0.00000000	0.00000000	0.00000000	0.00000000	0.00000000	0.00000000	0.00000000	0.03622270	0.03886628	0.04142871	0.04398127	0.04640851	0.04876069	0.05102309	0.05328428	0.05539407	0.05744018	0.05940891	0.06133755	0.06320717	0.06497880	0.06664348	0.06831491	0.06983577	0.07124328	0.07230846	0.07329173	0.07420780	0.07509367	0.07591591	0.07664489	0.07735890	0.07804098	0.07865848	0.07920844	0.07975200	0.08025571	0.08070752	0.08109264	0.08144296	0.08144296
0.02	100	0.00000000	0.00000000	0.00000000	0.00000000	0.00000000	0.00000000	0.00000000	0.00000000	0.00000000	0.00000000	0.00000000	0.00000000	0.00000000	0.00000000	0.00000000	0.00000000	0.00000000	0.05655944	0.06099779	0.06518298	0.06914074	0.07286000	0.07640570	0.07968645	0.08278507	0.08568549	0.08843278	0.09096532	0.09330628	0.09547297	0.09749314	0.09931590	0.10094152	0.10234168	0.10350414	0.10428290	0.10494603	0.10553379	0.10604682	0.10647911	0.10682961	0.10710863	0.10732186	0.10747024	0.10752818	0.10754358	0.10747591	0.10736725	0.10721431	0.10698932	0.10698932
0.03	100	0.00000000	0.00000000	0.00000000	0.00000000	0.00000000	0.00000000	0.00000000	0.00000000	0.00000000	0.00000000	0.00000000	0.00000000	0.00000000	0.00000000	0.00000000	0.00000000	0.00000000	0.06806860	0.07366642	0.07887636	0.08376188	0.08821176	0.09235190	0.09615941	0.09963542	0.10275612	0.10554587	0.10805469	0.11023852	0.11214558	0.11374673	0.11511316	0.11618748	0.11694496	0.11729932	0.11743446	0.11746934	0.11740997	0.11725025	0.11698230	0.11657534	0.11612771	0.11557057	0.11495771	0.11428372	0.11358246	0.11277952	0.11191596	0.11103923	0.11011920	0.11011920
0.04	100	0.00000000	0.00000000	0.00000000	0.00000000	0.00000000	0.00000000	0.00000000	0.00000000	0.00000000	0.00000000	0.00000000	0.00000000	0.00000000	0.00000000	0.00000000	0.00000000	0.00000000	0.07425201	0.08074960	0.08665993	0.09199201	0.09685386	0.10124876	0.10517325	0.10859216	0.11160701	0.11415357	0.11630015	0.11805454	0.11940699	0.12041915	0.12108644	0.12139320	0.12138484	0.12092950	0.12028462	0.11957890	0.11877483	0.11785084	0.11687376	0.11576510	0.11462130	0.11337436	0.11211307	0.11078169	0.10938487	0.10792978	0.10644209	0.10488983	0.10334697	0.10334697
0.05	100	0.00000000	0.00000000	0.00000000	0.00000000	0.00000000	0.00000000	0.00000000	0.00000000	0.00000000	0.00000000	0.00000000	0.00000000	0.00000000	0.00000000	0.00000000	0.00000000	0.00000000	0.07743010	0.08453579	0.09092243	0.09659468	0.10160288	0.10598954	0.10972108	0.11297521	0.11567386	0.11785962	0.11955182	0.12073518	0.12149410	0.12181509	0.12166714	0.12116491	0.12028758	0.11894591	0.11763111	0.11620830	0.11464123	0.11305668	0.11128340	0.10954367	0.10773318	0.10586862	0.10396160	0.10201886	0.10000919	0.09803535	0.09598407	0.09396258	0.09190464	0.09190464
0.10	100	0.00000000	0.00000000	0.00000000	0.00000000	0.00000000	0.00000000	0.00000000	0.00000000	0.00000000	0.00000000	0.00000000	0.00000000	0.00000000	0.00000000	0.00000000	0.00000000	0.00000000	0.06849200	0.07687091	0.08390373	0.08959293	0.09410499	0.09754922	0.09994879	0.10136925	0.10199008	0.10183866	0.10096393	0.09948441	0.09737545	0.09471066	0.09154653	0.08791044	0.08388261	0.07946832	0.07575344	0.07211163	0.06855352	0.06506359	0.06167473	0.05843837	0.05527460	0.05225672	0.04937928	0.04657916	0.04393107	0.04139616	0.03895787	0.03660814	0.03441669	0.03441669
0.20	100	0.00000000	0.00000000	0.00000000	0.00000000	0.00000000	0.00000000	0.00000000	0.00000000	0.00000000	0.00000000	0.00000000	0.00000000	0.00000000	0.00000000	0.00000000	0.00000000	0.00000000	0.02528977	0.03062962	0.03485823	0.03811072	0.04049857	0.04205637	0.04291187	0.04318072	0.04281634	0.04185799	0.04047046	0.03863954	0.03638217	0.03371241	0.03075101	0.02743260	0.02381506	0.01984044	0.01773299	0.01587708	0.01418621	0.01272045	0.01140948	0.01021185	0.00911514	0.00812224	0.00723588	0.00641058	0.00565886	0.00496460	0.00435764	0.00380432	0.00331484	0.00331484
